2 [94, 31, 27, 5, 37, 48, 24, 101, 52, -45, -8, -34, 18, -96, 92, 27, -26, -17, -30, 65, -53, 88, -15, -34, -59, -7, 14, -75, -46, 102, -9, -69, 104, 20, 91, -56, 90, 23, -85, 82, 89, 67, 33, 47, 2, 91, -68, 33]
30 [4, -9, 2, -81, -100, -83, 33, -54, 69, 82, 14, 41, 88, -61, -75, 84, 29, -4, -45, -101, 40, 67, -64, 96, -26, 83, 2, 3, -61, 94, 46, 10, 61, -55, 24, -38, -37, -84, 77, 76, -102, 6, -45, -81, 30, -46, 88, -85, -3, -43, 7, 35]
-1 [-65, 41, -2, 73, 82, -62, 63, 91, 41, 55, -77, -18, 75, 46, -102, -102, 65, -48, 48, -22, 65, 25, -94, 3, -34, -10, 81, -91, 20, 69, 39, 5, -92, 16, -100, -4, -17, 15, -74, -27, -44, -41, -64, 18, -70, 42, 40, -41, -94, -59, -103, -95, 27, 19, 5, -103, -15, 19, -23, -93, 60, -55, -19, 49, -27, -24, -19, 4, -1, -35, 83, -12, -100, -102, 90, -20, -21, 75, -57, 29, -83, -27, 16, -99, -92, 104, -30, -83, -9]
27 [-46, 12, 8, 48, -67, 67, 56, 22, -87, 71, -88, -50, 12, 11, -39, 15, -46, -64, 75, -34, -54, -12, 21, 102, -77, -82, -63, 104, 19, -25, 80, 48, -102, 17, -70, -99, -24, 54, 95, 22, 29, -5, -80, -6, -91, -2, -37, 11, 11, 36, -81, 103, -103, 83, 75, 100]
101 [-16, -55, -11, -70, 29, -88, 75, -85, 46, 3, 99, -52, 77, -44, 55, 23, 93, 48, 62, 92, 33, 35, 28, -39, -1, -86, 66, -19, 61, 35, 51, -22, -42, -67, 16, 64, -10, 86, -57, -88, -96, 19, -83, 10, 82, -86, -86, 32, -39, 26, -70, 69, 19, -103, -30, -4, 23, -69, -81, -71, -10, 47, 28, -24, 92, -98, 73, -68, -7, 57, -2, 48, 92, -86, 46, -63, 28, 42, -50, -89, 80, -102, -99, -76, -41, 87, 61, 31, 46, 34, 51, -61, 86, 95, 86, -46, -75, -23, -76, -72, -41, -94, -55, -48]
-1 [65, -42, 30, -19, -46, 35, 100, 41, 32, 20, 12, 46, -43, -103, 11, -67, -8, 103, -90, 70, -16, 12, 41, -26, -57, 73, -55, 77, 86, 6, -23, 39, 104, -35, -1, 24, 74, 9, -83, 93, -56, -29, 16, 3, 54, 21, 77, 101, 48, -104, 29, 54]
84 [-33, 82, -50, 59, -86, -52, -105, 43, 77, 52, -99, -90, 102, -85, 76, 105, 53, 46, 96, 69, -31, -104, 39, -39, -80, 100, -92, 69, -31, 24, 103, 77, -87, 64, 70, -28, 22, 15, 44, 31, 57, -76, -14, -90, -2, 62, -27, 8, 1, -91, -45, -44, -26, -84, 97, 72, -37, -47, -68, 59, -45, -17, 98, -25, -49, -33, 52, -43, 2, 35, 73, 49, 104, -81, 101, -8, -68, 48, -15, -41, -19, 96, 55, 70, -60, -101, -71, 8, 95, -64, 1, -71, 38, -95, 51, 68, -88, 35, 16]
9 [-34, 97, 15, -35, 29, -55, -57, 45, 35, -21, 90, -87, -30, -10, -52, 73, -86, 32, -18]
-1 [-70, 34, -11, 9, -89, -79, -26, -46, 48, 9, 98, 89, -80, -56, 63, 105, 69, 15, -95, 49, 45, 71, 4, 67, -29, -98, -98, -71, -33, -30, -95, -56, -34, -57, -65, 88, 28, 49, 54, 45, 68, 13, 78, 24, 99, -61, -4, -20, -9, -95, -59, -9, 19, -94, 44, 52, 17, 6, -105, 27, 76, -21, 8, -11, -42, 81, -88, 7, -102, 87, 44, -75, 25, -104, -92, -90, -84, -102, -67, 49, 41, 77, 67, -64, -84, -78, 28, 21, -51, 7, 62, 105, -38, 34]
17 [-64, -55, -49, -39, -30, 64, -53, 52, 28, -39, 100, 103, 26, 62, -75, -14, -45, -86, -69, -40, 86, 46, 105, -79, 63, 58, 90, 85, 93, -64, 66, 51, -97, 17, 102, 74, 50, 19, 26, -76, -59, 15, -55]
